%YAML:1.0
---
camera_matrix: !!opencv-matrix
   rows: 3
   cols: 3
   dt: d
   data: [ 5.2704062808064771e+02, 0., 2.9744032209986341e+02, 0.,
       5.2553016098101716e+02, 2.4564863164434038e+02, 0., 0., 1. ]
dist_coefs: !!opencv-matrix
   rows: 1
   cols: 5
   dt: d
   data: [ 9.3061052151291776e-02, -1.8956901988122191e-01,
       -1.1334739950211261e-03, -6.9057737097149446e-04,
       1.7820626151499244e-01 ]
