%YAML:1.0
---
corners:
   - [ 4.57160614e+02, 1.36034546e+02, 4.42679626e+02, 1.59788940e+02,
       4.27744476e+02, 1.83932266e+02, 4.12559326e+02, 2.08922699e+02,
       3.96882751e+02, 2.34424225e+02, 3.80774933e+02, 2.60728668e+02,
       3.64350525e+02, 2.87701263e+02, 3.47294525e+02, 3.16015259e+02,
       4.32941315e+02, 1.18138176e+02, 4.17970978e+02, 1.41476151e+02,
       4.02709930e+02, 1.65685150e+02, 3.87030975e+02, 1.90486465e+02,
       3.70903595e+02, 2.15887482e+02, 3.54434692e+02, 2.41914948e+02,
       3.37227325e+02, 2.69104736e+02, 3.19673126e+02, 2.96946381e+02,
       4.08292053e+02, 9.94371262e+01, 3.93105957e+02, 1.23090523e+02,
       3.77389709e+02, 1.47046890e+02, 3.61093414e+02, 1.71929916e+02,
       3.44603912e+02, 1.97063278e+02, 3.27555115e+02, 2.23213486e+02,
       3.10132172e+02, 2.50017502e+02, 2.91890350e+02, 2.77814606e+02,
       3.83634064e+02, 8.11038284e+01, 3.67937164e+02, 1.04127060e+02,
       3.51649506e+02, 1.28411667e+02, 3.35101318e+02, 1.52929382e+02,
       3.18127380e+02, 1.78123428e+02, 3.00515625e+02, 2.04163834e+02,
       2.82527496e+02, 2.30813080e+02, 2.63791595e+02, 2.58542999e+02,
       3.58468384e+02, 6.18722878e+01, 3.42423706e+02, 8.54184723e+01,
       3.25710114e+02, 1.09143883e+02, 3.08607452e+02, 1.33852020e+02,
       2.91197144e+02, 1.58884964e+02, 2.73131592e+02, 1.84754074e+02,
       2.54577225e+02, 2.11378464e+02, 2.35355515e+02, 2.38792450e+02 ]
   - [ 4.80762421e+02, 1.35351578e+02, 4.83788513e+02, 1.79511841e+02,
       4.88179810e+02, 2.23245529e+02, 4.90749542e+02, 2.65473755e+02,
       4.94507416e+02, 3.07187744e+02, 4.97550415e+02, 3.48171814e+02,
       5.00598785e+02, 3.88401886e+02, 5.04471375e+02, 4.29247314e+02,
       4.36829529e+02, 1.40542175e+02, 4.40593109e+02, 1.84642197e+02,
       4.44604919e+02, 2.27929855e+02, 4.49024811e+02, 2.71272736e+02,
       4.50566742e+02, 3.13306763e+02, 4.54735260e+02, 3.51367889e+02,
       4.59381500e+02, 3.93764252e+02, 4.63410034e+02, 4.34150940e+02,
       3.92865021e+02, 1.46115646e+02, 3.97012878e+02, 1.90376068e+02,
       4.01264832e+02, 2.33542023e+02, 4.05639465e+02, 2.76231171e+02,
       4.10139008e+02, 3.17796783e+02, 4.15333984e+02, 3.57713623e+02,
       4.18287781e+02, 3.99613098e+02, 4.22475006e+02, 4.39583282e+02,
       3.48687103e+02, 1.51505356e+02, 3.53380280e+02, 1.95617020e+02,
       3.58224091e+02, 2.39159851e+02, 3.62818634e+02, 2.81669189e+02,
       3.67544403e+02, 3.23376556e+02, 3.72635498e+02, 3.65172821e+02,
       3.75908417e+02, 4.06656860e+02, 3.81376740e+02, 4.46095245e+02,
       3.04372009e+02, 1.56997482e+02, 3.09788544e+02, 2.01223846e+02,
       3.14745667e+02, 2.44775070e+02, 3.20043335e+02, 2.87572906e+02,
       3.24684174e+02, 3.29169128e+02, 3.29824707e+02, 3.70689880e+02,
       3.34201508e+02, 4.11266663e+02, 3.42068115e+02, 4.50505615e+02 ]
   - [ 4.86476807e+02, 1.39746750e+02, 4.89153717e+02, 1.84251526e+02,
       4.91597992e+02, 2.27586182e+02, 4.94429962e+02, 2.70143646e+02,
       4.97151184e+02, 3.11626953e+02, 4.99726837e+02, 3.52419861e+02,
       5.02579010e+02, 3.92658569e+02, 5.05389771e+02, 4.32110199e+02,
       4.42476807e+02, 1.44792786e+02, 4.45402740e+02, 1.89038757e+02,
       4.48559662e+02, 2.32580063e+02, 4.51589355e+02, 2.75005280e+02,
       4.54870087e+02, 3.16507538e+02, 4.58273590e+02, 3.57581818e+02,
       4.61278748e+02, 3.97471130e+02, 4.64443604e+02, 4.37120453e+02,
       3.98063568e+02, 1.49657181e+02, 4.01672089e+02, 1.94033752e+02,
       4.05186676e+02, 2.37412399e+02, 4.08776611e+02, 2.79861023e+02,
       4.12531952e+02, 3.21439636e+02, 4.16232452e+02, 3.62126434e+02,
       4.19749176e+02, 4.02382019e+02, 4.23430969e+02, 4.42121735e+02,
       3.53677673e+02, 1.54723114e+02, 3.57687195e+02, 1.99061172e+02,
       3.61950134e+02, 2.42419876e+02, 3.66076660e+02, 2.85004944e+02,
       3.70290314e+02, 3.26475861e+02, 3.74312714e+02, 3.67396790e+02,
       3.78384766e+02, 4.07772308e+02, 3.82302917e+02, 4.47238312e+02,
       3.09230133e+02, 1.59781723e+02, 3.14019257e+02, 2.03978241e+02,
       3.18573547e+02, 2.47555328e+02, 3.23252930e+02, 2.89986145e+02,
       3.27585785e+02, 3.31464325e+02, 3.32216736e+02, 3.72482605e+02,
       3.36585419e+02, 4.12813232e+02, 3.41227783e+02, 4.53327789e+02 ]
   - [ 2.56641449e+02, 3.25582489e+02, 2.54332382e+02, 2.94561554e+02,
       2.51913361e+02, 2.64295898e+02, 2.49609787e+02, 2.34566071e+02,
       2.47352966e+02, 2.05949677e+02, 2.45190430e+02, 1.77743484e+02,
       2.42894165e+02, 1.50306763e+02, 2.40750641e+02, 1.23148354e+02,
       2.87907562e+02, 3.22940460e+02, 2.85065521e+02, 2.92249481e+02,
       2.82394226e+02, 2.62265350e+02, 2.79614258e+02, 2.32898438e+02,
       2.77070587e+02, 2.04472977e+02, 2.74515594e+02, 1.76461548e+02,
       2.71901093e+02, 1.49482452e+02, 2.69492554e+02, 1.22533684e+02,
       3.18633759e+02, 3.20372711e+02, 3.15491974e+02, 2.89958099e+02,
       3.12264008e+02, 2.60325714e+02, 3.09259094e+02, 2.31328217e+02,
       3.06321716e+02, 2.03063873e+02, 3.03441742e+02, 1.75498672e+02,
       3.00476624e+02, 1.48472321e+02, 2.97767426e+02, 1.21870644e+02,
       3.48881714e+02, 3.17892212e+02, 3.45264038e+02, 2.87722839e+02,
       3.41723267e+02, 2.58341217e+02, 3.38376404e+02, 2.29460693e+02,
       3.35234528e+02, 2.01568466e+02, 3.31798523e+02, 1.74278412e+02,
       3.28812073e+02, 1.47323151e+02, 3.25592438e+02, 1.21232224e+02,
       3.78709076e+02, 3.15406219e+02, 3.74699188e+02, 2.85572968e+02,
       3.70767487e+02, 2.56329041e+02, 3.67081146e+02, 2.27770187e+02,
       3.63387604e+02, 2.00177460e+02, 3.59915527e+02, 1.72895538e+02,
       3.56397736e+02, 1.46346359e+02, 3.53323517e+02, 1.19813843e+02 ]
   - [ 4.18294434e+02, 2.63559845e+02, 3.91798615e+02, 2.66434387e+02,
       3.64755402e+02, 2.69211090e+02, 3.37059387e+02, 2.72068329e+02,
       3.08798096e+02, 2.74914459e+02, 2.79716614e+02, 2.77958740e+02,
       2.50099670e+02, 2.80756409e+02, 2.19176697e+02, 2.83987915e+02,
       4.11175598e+02, 2.38398972e+02, 3.85288818e+02, 2.40646835e+02,
       3.58639648e+02, 2.43192169e+02, 3.31575439e+02, 2.45644516e+02,
       3.03674438e+02, 2.48241196e+02, 2.75359894e+02, 2.50528503e+02,
       2.46095291e+02, 2.53533539e+02, 2.15832077e+02, 2.56100311e+02,
       4.04393799e+02, 2.13563446e+02, 3.78849182e+02, 2.15867493e+02,
       3.53034943e+02, 2.18230865e+02, 3.25953796e+02, 2.20391022e+02,
       2.98866150e+02, 2.22443985e+02, 2.70926605e+02, 2.24782028e+02,
       2.42508698e+02, 2.27251312e+02, 2.12665619e+02, 2.29427933e+02,
       3.97852478e+02, 1.90354614e+02, 3.73131317e+02, 1.92168854e+02,
       3.47148010e+02, 1.94178040e+02, 3.20826874e+02, 1.95912949e+02,
       2.94328186e+02, 1.97720673e+02, 2.66685638e+02, 1.99794846e+02,
       2.38742218e+02, 2.01624756e+02, 2.09706436e+02, 2.03868057e+02,
       3.91763214e+02, 1.67510269e+02, 3.66908722e+02, 1.69322556e+02,
       3.41771118e+02, 1.70839340e+02, 3.15877380e+02, 1.72573959e+02,
       2.89774231e+02, 1.74290253e+02, 2.62686890e+02, 1.75765427e+02,
       2.35281372e+02, 1.77587479e+02, 2.06856522e+02, 1.78840485e+02 ]
   - [ 4.64107819e+02, 2.67117035e+02, 4.36057343e+02, 2.75376495e+02,
       4.07585541e+02, 2.83601990e+02, 3.78677216e+02, 2.92091919e+02,
       3.49593567e+02, 3.00522949e+02, 3.19806244e+02, 3.09281250e+02,
       2.89763031e+02, 3.17909119e+02, 2.58680450e+02, 3.27177124e+02,
       4.53476959e+02, 2.38857864e+02, 4.25764709e+02, 2.46599579e+02,
       3.97616882e+02, 2.54636398e+02, 3.69087250e+02, 2.62789673e+02,
       3.40131348e+02, 2.70931793e+02, 3.10794495e+02, 2.79126923e+02,
       2.80775879e+02, 2.87787598e+02, 2.50284561e+02, 2.96408752e+02,
       4.43213623e+02, 2.10755142e+02, 4.15673676e+02, 2.18519684e+02,
       3.88086517e+02, 2.26385178e+02, 3.59444550e+02, 2.34148117e+02,
       3.30968140e+02, 2.41898758e+02, 3.01790192e+02, 2.50040253e+02,
       2.72385712e+02, 2.58337677e+02, 2.41886978e+02, 2.66565460e+02,
