%YAML:1.0
---
camera_matrix: !!opencv-matrix
   rows: 3
   cols: 3
   dt: d
   data: [ 5.2849805392948372e+02, 0., 3.2828025512570525e+02, 0.,
       5.2763447739657363e+02, 2.3980017960888344e+02, 0., 0., 1. ]
dist_coefs: !!opencv-matrix
   rows: 1
   cols: 5
   dt: d
   data: [ 8.5669722361502137e-02, -5.9521492419283666e-02,
       -5.6466483047255291e-04, -2.3936204435332729e-04,
       -6.5821046653887208e-03 ]
