%YAML:1.0
---
corners:
   - [ 4.14771515e+02, 1.24583992e+02, 3.99384277e+02, 1.48306152e+02,
       3.83433350e+02, 1.72328644e+02, 3.67203369e+02, 1.97108963e+02,
       3.50500793e+02, 2.22381836e+02, 3.33312988e+02, 2.48440460e+02,
       3.15592468e+02, 2.75126831e+02, 2.97334595e+02, 3.03114807e+02,
       3.90495056e+02, 1.06523155e+02, 3.74506378e+02, 1.29821213e+02,
       3.58296906e+02, 1.53963837e+02, 3.41535675e+02, 1.78577682e+02,
       3.24387695e+02, 2.03825073e+02, 3.06666504e+02, 2.29606598e+02,
       2.88413757e+02, 2.56558777e+02, 2.69560120e+02, 2.84193390e+02,
       3.65545898e+02, 8.76784821e+01, 3.49436371e+02, 1.11271172e+02,
       3.32692535e+02, 1.35189468e+02, 3.15409332e+02, 1.59918533e+02,
       2.97790161e+02, 1.84853683e+02, 2.79636414e+02, 2.10845901e+02,
       2.60980896e+02, 2.37501968e+02, 2.41488525e+02, 2.65119354e+02,
       3.40633972e+02, 6.90478210e+01, 3.23930450e+02, 9.21408844e+01,
       3.06678528e+02, 1.16338127e+02, 2.88968414e+02, 1.40750992e+02,
       2.70897949e+02, 1.65788834e+02, 2.52177109e+02, 1.91708145e+02,
       2.32865067e+02, 2.18301437e+02, 2.12880814e+02, 2.45822632e+02,
       3.15129883e+02, 4.96785965e+01, 2.98000916e+02, 7.31439133e+01,
       2.80328705e+02, 9.68182220e+01, 2.62108704e+02, 1.21488213e+02,
       2.43529526e+02, 1.46464386e+02, 2.24227859e+02, 1.72267975e+02,
       2.04411713e+02, 1.98702621e+02, 1.83628113e+02, 2.26062241e+02 ]
   - [ 3.91622620e+02, 1.26270752e+02, 3.96500519e+02, 1.69583694e+02,
       4.01116241e+02, 2.12235809e+02, 4.05630981e+02, 2.54250900e+02,
       4.10221008e+02, 2.95283508e+02, 4.14711517e+02, 3.36305878e+02,
       4.19621155e+02, 3.76944916e+02, 4.24346191e+02, 4.17322571e+02,
       3.49066467e+02, 1.31421631e+02, 3.53789948e+02, 1.74866699e+02,
       3.59149414e+02, 2.17421051e+02, 3.63928467e+02, 2.59673950e+02,
       3.69016998e+02, 3.00988251e+02, 3.73706482e+02, 3.42126740e+02,
       3.78830139e+02, 3.82717285e+02, 3.83544769e+02, 4.23180908e+02,
       3.05526367e+02, 1.36368057e+02, 3.11393372e+02, 1.79665070e+02,
       3.16606781e+02, 2.22919189e+02, 3.22085724e+02, 2.65120239e+02,
       3.27119843e+02, 3.06640869e+02, 3.32326904e+02, 3.47774963e+02,
       3.37355042e+02, 3.88496796e+02, 3.42554413e+02, 4.29351929e+02,
       2.61866760e+02, 1.41456909e+02, 2.67880341e+02, 1.85218033e+02,
       2.73790344e+02, 2.28306030e+02, 2.79424683e+02, 2.70713440e+02,
       2.84984406e+02, 3.12645172e+02, 2.90321289e+02, 3.53872192e+02,
       2.96018585e+02, 3.94993683e+02, 3.01267303e+02, 4.35682739e+02,
       2.17313568e+02, 1.46355255e+02, 2.23957764e+02, 1.90347839e+02,
       2.30160172e+02, 2.33858124e+02, 2.36198120e+02, 2.76704224e+02,
       2.42093369e+02, 3.18405518e+02, 2.47879776e+02, 3.60047028e+02,
       2.53515503e+02, 4.01350067e+02, 2.59179901e+02, 4.43003815e+02 ]
   - [ 3.99617706e+02, 1.22993393e+02, 4.04362335e+02, 1.66743454e+02,
       4.08816620e+02, 2.09746338e+02, 4.13521393e+02, 2.51940918e+02,
       4.18035217e+02, 2.93358856e+02, 4.22470673e+02, 3.34266052e+02,
       4.27271606e+02, 3.74755066e+02, 4.31999084e+02, 4.14931915e+02,
       3.56511383e+02, 1.28397064e+02, 3.61461456e+02, 1.72138870e+02,
       3.66535553e+02, 2.15241669e+02, 3.71460876e+02, 2.57560028e+02,
       3.76415741e+02, 2.98891693e+02, 3.81324951e+02, 3.40152496e+02,
       3.86240570e+02, 3.80481995e+02, 3.91100159e+02, 4.20857544e+02,
       3.12673584e+02, 1.33515854e+02, 3.18505280e+02, 1.77396866e+02,
       3.23815704e+02, 2.20692139e+02, 3.29229065e+02, 2.63223541e+02,
       3.34496765e+02, 3.04674011e+02, 3.39790771e+02, 3.45607117e+02,
       3.44880829e+02, 3.86317444e+02, 3.50076599e+02, 4.26795197e+02,
       2.68750000e+02, 1.38743713e+02, 2.74722443e+02, 1.82880020e+02,
       2.80812683e+02, 2.26299149e+02, 2.86581360e+02, 2.68892212e+02,
       2.92300415e+02, 3.10609406e+02, 2.97885773e+02, 3.51860809e+02,
       3.03361786e+02, 3.92875000e+02, 3.08739502e+02, 4.33220917e+02,
       2.23906403e+02, 1.44070740e+02, 2.30711716e+02, 1.88277710e+02,
       2.37101089e+02, 2.31974167e+02, 2.43459015e+02, 2.74671112e+02,
       2.49403397e+02, 3.16622040e+02, 2.55394852e+02, 3.58131897e+02,
       2.61155243e+02, 3.99152435e+02, 2.67031555e+02, 4.40398163e+02 ]
   - [ 2.13613205e+02, 3.12293335e+02, 2.12255402e+02, 2.81455292e+02,
       2.10610489e+02, 2.51260529e+02, 2.09145309e+02, 2.21540817e+02,
       2.07506668e+02, 1.92835892e+02, 2.06072708e+02, 1.64492325e+02,
       2.04416031e+02, 1.36740448e+02, 2.02897751e+02, 1.09391487e+02,
       2.45547729e+02, 3.09555328e+02, 2.43557861e+02, 2.79090729e+02,
       2.41742844e+02, 2.49248703e+02, 2.39769562e+02, 2.19931549e+02,
       2.37984818e+02, 1.91442810e+02, 2.36098846e+02, 1.63310196e+02,
       2.34271713e+02, 1.36156616e+02, 2.32418213e+02, 1.08913254e+02,
       2.76674103e+02, 3.06886719e+02, 2.74539581e+02, 2.76765106e+02,
       2.72192322e+02, 2.47313950e+02, 2.70000153e+02, 2.18377075e+02,
       2.67765686e+02, 1.90119431e+02, 2.65677765e+02, 1.62458115e+02,
       2.63443695e+02, 1.35273254e+02, 2.61430878e+02, 1.08444138e+02,
       3.07383972e+02, 3.04405701e+02, 3.04632996e+02, 2.74563385e+02,
       3.02164001e+02, 2.45313004e+02, 2.99561401e+02, 2.16579193e+02,
       2.97238373e+02, 1.88664047e+02, 2.94602844e+02, 1.61292023e+02,
       2.92383667e+02, 1.34210526e+02, 2.89830170e+02, 1.07801559e+02,
       3.37404236e+02, 3.01831787e+02, 3.34466339e+02, 2.72389526e+02,
       3.31485596e+02, 2.43358170e+02, 3.28665314e+02, 2.14938812e+02,
       3.25790955e+02, 1.87360260e+02, 3.23222076e+02, 1.60071213e+02,
       3.20415314e+02, 1.33359863e+02, 3.17870209e+02, 1.06673195e+02 ]
   - [ 3.83150177e+02, 2.52162140e+02, 3.56286499e+02, 2.54836487e+02,
       3.28685242e+02, 2.57559723e+02, 3.00330414e+02, 2.60431274e+02,
       2.71417786e+02, 2.63307770e+02, 2.41457703e+02, 2.66238281e+02,
       2.10878220e+02, 2.68970276e+02, 1.78751205e+02, 2.72238739e+02,
       3.77523376e+02, 2.26913956e+02, 3.51235840e+02, 2.29224686e+02,
       3.24101257e+02, 2.31613770e+02, 2.96396820e+02, 2.34114990e+02,
       2.67668243e+02, 2.36596069e+02, 2.38537384e+02, 2.38848160e+02,
       2.08415497e+02, 2.41803619e+02, 1.77153091e+02, 2.44298569e+02,
       3.72249969e+02, 2.02323044e+02, 3.46313019e+02, 2.04496033e+02,
       3.19803650e+02, 2.06684830e+02, 2.92170593e+02, 2.08762207e+02,
       2.64343719e+02, 2.10782211e+02, 2.35620621e+02, 2.13143661e+02,
       2.06283783e+02, 2.15452606e+02, 1.75396225e+02, 2.17580063e+02,
       3.67099884e+02, 1.79011581e+02, 3.41718842e+02, 1.80693253e+02,
       3.15308594e+02, 1.82597107e+02, 2.88351074e+02, 1.84359070e+02,
       2.61145233e+02, 1.86052475e+02, 2.32653198e+02, 1.88109497e+02,
       2.03750732e+02, 1.89733932e+02, 1.73753082e+02, 1.91900406e+02,
       3.62240417e+02, 1.56150726e+02, 3.36870239e+02, 1.57748856e+02,
       3.11203308e+02, 1.59296402e+02, 2.84641876e+02, 1.60787186e+02,
       2.57795166e+02, 1.62467453e+02, 2.29904266e+02, 1.63829208e+02,
       2.01548904e+02, 1.65583450e+02, 1.72163437e+02, 1.66704117e+02 ]
   - [ 4.22747101e+02, 2.55864151e+02, 3.94535553e+02, 2.63864471e+02,
       3.65784027e+02, 2.71850220e+02, 3.36601868e+02, 2.80072693e+02,
       3.07134186e+02, 2.88270691e+02, 2.76755066e+02, 2.96658905e+02,
       2.46153870e+02, 3.05132263e+02, 2.14313477e+02, 3.14116425e+02,
       4.13499329e+02, 2.27837418e+02, 3.85569275e+02, 2.35318863e+02,
       3.57162659e+02, 2.43041656e+02, 3.28214142e+02, 2.50921906e+02,
       2.98731445e+02, 2.58829437e+02, 2.68900299e+02, 2.66646729e+02,
       2.38370148e+02, 2.75156647e+02, 2.06955856e+02, 2.83473694e+02,
       4.04398743e+02, 1.99804596e+02, 3.76685028e+02, 2.07292313e+02,
       3.48700378e+02, 2.14828964e+02, 3.19711365e+02, 2.22352081e+02,
       2.90720947e+02, 2.29815369e+02, 2.61034851e+02, 2.37638550e+02,
       2.30853516e+02, 2.45645294e+02, 1.99643433e+02, 2.53621811e+02,
