%YAML:1.0
---
R: !!opencv-matrix
   rows: 3
   cols: 3
   dt: d
   data: [ 9.9974338294573806e-01, -5.4532041602562269e-05,
       2.2653151711578664e-02, 1.0760900723118598e-04,
       9.9999725215652302e-01, -2.3418154719980367e-03,
       -2.2652961760284755e-02, 2.3436522053763278e-03,
       9.9974064167554344e-01 ]
T: !!opencv-matrix
   rows: 3
   cols: 1
   dt: d
   data: [ -8.2387436949228315e-02, -5.4798434690671175e-03,
       4.7404405721437606e-03 ]
E: !!opencv-matrix
   rows: 3
   cols: 3
   dt: d
   data: [ 1.2362457045331674e-04, -4.7532703933864523e-03,
       -5.4673209889707624e-03, 2.8729046355094935e-03,
       1.9282899239886749e-04, 8.2473455001085383e-02,
       5.4695716174798402e-03, -8.2387509388499147e-02,
       3.1707190000644653e-04 ]
F: !!opencv-matrix
   rows: 3
   cols: 3
   dt: d
   data: [ 4.0527238084949218e-07, -1.5627200398746681e-05,
       -5.7280253665262498e-03, 9.4335172650132618e-06,
       6.3499633634548039e-07, 1.3976661234767279e-01,
       7.0811004923766307e-03, -1.3817285502846716e-01, 1. ]
